 {
  "c6s": [   
 [
   10.412614010301894      ,
   5.4365317641009989      ,
   5.4355216108603734      ,
   10.411966818463927      ,
   5.4366079347294223      ,
   5.4366079347294223     
 ],
 [
   5.4365317641009989      ,
   3.0927374714550546      ,
   3.0920939930927958      ,
   5.4361357064830198      ,
   3.0927859929558110      ,
   3.0927859929558110     
 ],
 [
   5.4355216108603734      ,
   3.0920939930927958      ,
   3.0914506722282704      ,
   5.4351256402850110      ,
   3.0921425027174321      ,
   3.0921425027174321     
 ],
 [
   10.411966818463927      ,
   5.4361357064830198      ,
   5.4351256402850110      ,
   10.411319686966799      ,
   5.4362118705479912      ,
   5.4362118705479912     
 ],
 [
   5.4366079347294223      ,
   3.0927859929558110      ,
   3.0921425027174321      ,
   5.4362118705479912      ,
   3.0928345153520871      ,
   3.0928345153520871     
 ],
 [
   5.4366079347294223      ,
   3.0927859929558110      ,
   3.0921425027174321      ,
   5.4362118705479912      ,
   3.0928345153520871      ,
   3.0928345153520871     
 ]
 ]
  "c8s": [   
 [
   6.8370584248135783E-310 ,
   6.8370584248135783E-310 ,
   0.0000000000000000      ,
   0.0000000000000000      ,
   0.0000000000000000      ,
   0.0000000000000000     
 ],
 [
   0.0000000000000000      ,
   0.0000000000000000      ,
   0.0000000000000000      ,
   0.0000000000000000      ,
   0.0000000000000000      ,
   0.0000000000000000     
 ],
 [
   0.0000000000000000      ,
   0.0000000000000000      ,
   0.0000000000000000      ,
   0.0000000000000000      ,
   0.0000000000000000      ,
   0.0000000000000000     
 ],
 [
   0.0000000000000000      ,
   0.0000000000000000      ,
   0.0000000000000000      ,
   0.0000000000000000      ,
   0.0000000000000000      ,
   0.0000000000000000     
 ],
 [
   0.0000000000000000      ,
   0.0000000000000000      ,
   0.0000000000000000      ,
   0.0000000000000000      ,
   0.0000000000000000      ,
   0.0000000000000000     
 ],
 [
   0.0000000000000000      ,
   0.0000000000000000      ,
   0.0000000000000000      ,
   0.0000000000000000      ,
   0.0000000000000000      ,
   0.0000000000000000     
 ]
 ]
  "r0s": [   
 [
   0.0000000000000000      ,
   0.0000000000000000      ,
   0.0000000000000000      ,
   0.0000000000000000      ,
   0.0000000000000000      ,
   0.0000000000000000     
 ],
 [
   0.0000000000000000      ,
   0.0000000000000000      ,
   0.0000000000000000      ,
   0.0000000000000000      ,
   0.0000000000000000      ,
   0.0000000000000000     
 ],
 [
   0.0000000000000000      ,
   0.0000000000000000      ,
   0.0000000000000000      ,
   0.0000000000000000      ,
   0.0000000000000000      ,
   0.0000000000000000     
 ],
 [
   0.0000000000000000      ,
   0.0000000000000000      ,
   0.0000000000000000      ,
   0.0000000000000000      ,
   0.0000000000000000      ,
   0.0000000000000000     
 ],
 [
   0.0000000000000000      ,
   0.0000000000000000      ,
   0.0000000000000000      ,
   0.0000000000000000      ,
   0.0000000000000000      ,
   0.0000000000000000     
 ],
 [
   0.0000000000000000      ,
   0.0000000000000000      ,
   0.0000000000000000      ,
   0.0000000000000000      ,
   0.0000000000000000      ,
   0.0000000000000000     
 ]
 ]
  "rs": [    
 [
   0.0000000000000000      ,
   0.0000000000000000      ,
   0.0000000000000000      ,
   0.0000000000000000      ,
   0.0000000000000000      ,
   0.0000000000000000     
 ],
 [
   0.0000000000000000      ,
   0.0000000000000000      ,
   0.0000000000000000      ,
   0.0000000000000000      ,
   0.0000000000000000      ,
   0.0000000000000000     
 ],
 [
   0.0000000000000000      ,
   0.0000000000000000      ,
   0.0000000000000000      ,
   0.0000000000000000      ,
   0.0000000000000000      ,
   0.0000000000000000     
 ],
 [
   0.0000000000000000      ,
   0.0000000000000000      ,
   0.0000000000000000      ,
   0.0000000000000000      ,
   0.0000000000000000      ,
   0.0000000000000000     
 ],
 [
   0.0000000000000000      ,
   0.0000000000000000      ,
   0.0000000000000000      ,
   0.0000000000000000      ,
   0.0000000000000000      ,
   0.0000000000000000     
 ],
 [
   0.0000000000000000      ,
   0.0000000000000000      ,
   0.0000000000000000      ,
   0.0000000000000000      ,
   0.0000000000000000      ,
   0.0000000000000000     
 ]
 ]
 }
